./src/phm/images/image_0000.png 0.6920 0.0164 0.1726 0.0030 0.999954 0.0055 -0.0072
./src/phm/images/image_0001.png 0.6932 0.0180 0.1795 0.0007 0.999999 0.0007 -0.0011
./src/phm/images/image_0002.png 0.6945 0.0175 0.1860 -0.0000 0.999995 -0.0028 0.0017
./src/phm/images/image_0003.png 0.6954 0.0176 0.1942 -0.0013 0.999995 -0.0020 0.0019
./src/phm/images/image_0001.png 0.4045 -0.1167 -0.0697 -0.0040 0.998889 0.0101 -0.0459
./src/phm/images/image_0002.png 0.4049 -0.1170 -0.0694 -0.0038 0.998918 0.0096 -0.0453
./src/phm/images/image_0003.png 0.4054 -0.1168 -0.0692 -0.0035 0.998930 0.0099 -0.0450
./src/phm/images/image_0004.png 0.4051 -0.1166 -0.0694 -0.0034 0.998917 0.0099 -0.0453
./src/phm/images/image_0005.png 0.4046 -0.1168 -0.0696 -0.0032 0.998909 0.0098 -0.0456
./src/phm/images/image_0006.png 0.4048 -0.1168 -0.0697 -0.0033 0.998917 0.0095 -0.0454
./src/phm/images/image_0007.png 0.4053 -0.1162 -0.0698 -0.0045 0.998912 0.0101 -0.0453
./src/phm/images/image_0008.png 0.4049 -0.1161 -0.0700 -0.0037 0.998897 0.0103 -0.0457
./src/phm/images/image_0009.png 0.4054 -0.1163 -0.0698 -0.0030 0.998931 0.0103 -0.0450
./src/phm/images/image_0010.png 0.4055 -0.1163 -0.0696 -0.0034 0.998929 0.0102 -0.0450
./src/phm/images/image_0011.png 0.4055 -0.1162 -0.0697 -0.0040 0.998918 0.0101 -0.0452
./src/phm/images/image_0012.png 0.4049 -0.1160 -0.0701 -0.0036 0.998895 0.0106 -0.0456
./src/phm/images/image_0013.png 0.4051 -0.1165 -0.0696 -0.0035 0.998916 0.0102 -0.0453
./src/phm/images/image_0014.png 0.4055 -0.1165 -0.0697 -0.0037 0.998926 0.0100 -0.0451
./src/phm/images/image_0015.png 0.4052 -0.1164 -0.0697 -0.0038 0.998919 0.0104 -0.0452
./src/phm/images/image_0016.png 0.4053 -0.1164 -0.0693 -0.0035 0.998926 0.0102 -0.0451
./src/phm/images/image_0017.png 0.4049 -0.1162 -0.0696 -0.0032 0.998906 0.0105 -0.0455
./src/phm/images/image_0018.png 0.4061 -0.1164 -0.0694 -0.0037 0.998951 0.0096 -0.0446
./src/phm/images/image_0019.png 0.4053 -0.1169 -0.0693 -0.0034 0.998935 0.0096 -0.0450
./src/phm/images/image_0020.png 0.4055 -0.1167 -0.0693 -0.0043 0.998932 0.0098 -0.0449
./src/phm/images/image_0021.png 0.4057 -0.1165 -0.0696 -0.0031 0.998946 0.0099 -0.0447
./src/phm/images/image_0022.png 0.4056 -0.1164 -0.0692 -0.0036 0.998933 0.0100 -0.0449
./src/phm/images/image_0023.png 0.4060 -0.1163 -0.0693 -0.0038 0.998945 0.0101 -0.0446
./src/phm/images/image_0024.png 0.4057 -0.1161 -0.0695 -0.0034 0.998935 0.0103 -0.0448
./src/phm/images/image_0025.png 0.4062 -0.1166 -0.0690 -0.0042 0.998961 0.0100 -0.0443
./src/phm/images/image_0026.png 0.4057 -0.1168 -0.0697 -0.0039 0.998938 0.0092 -0.0450
./src/phm/images/image_0027.png 0.4055 -0.1168 -0.0693 -0.0043 0.998936 0.0097 -0.0449
./src/phm/images/image_0028.png 0.4047 -0.1170 -0.0694 -0.0029 0.998925 0.0097 -0.0452
./src/phm/images/image_0029.png 0.4051 -0.1163 -0.0698 -0.0035 0.998910 0.0100 -0.0455
./src/phm/images/image_0030.png 0.4055 -0.1161 -0.0695 -0.0035 0.998927 0.0102 -0.0450
./src/phm/images/image_0031.png 0.4052 -0.1166 -0.0693 -0.0030 0.998926 0.0102 -0.0451
./src/phm/images/image_0032.png 0.4050 -0.1159 -0.0699 -0.0041 0.998898 0.0105 -0.0456
./src/phm/images/image_0033.png 0.4060 -0.1167 -0.0690 -0.0043 0.998944 0.0097 -0.0447
./src/phm/images/image_0034.png 0.4053 -0.1166 -0.0696 -0.0038 0.998923 0.0100 -0.0451
./src/phm/images/image_0035.png 0.4051 -0.1159 -0.0697 -0.0034 0.998907 0.0108 -0.0454
./src/phm/images/image_0036.png 0.4050 -0.1163 -0.0698 -0.0039 0.998915 0.0100 -0.0453
./src/phm/images/image_0037.png 0.4054 -0.1162 -0.0697 -0.0044 0.998918 0.0101 -0.0452
./src/phm/images/image_0001.png 0.4022 0.0037 -0.0717 -0.0085 0.999870 0.0103 -0.0090
./src/phm/images/image_0002.png 0.4025 0.0034 -0.0715 -0.0086 0.999876 0.0100 -0.0087
./src/phm/images/image_0003.png 0.4024 0.0033 -0.0716 -0.0092 0.999867 0.0102 -0.0088
./src/phm/images/image_0004.png 0.4025 0.0043 -0.0716 -0.0096 0.999859 0.0105 -0.0089
./src/phm/images/image_0005.png 0.4026 0.0041 -0.0716 -0.0099 0.999860 0.0102 -0.0088
./src/phm/images/image_0006.png 0.4017 0.0040 -0.0719 -0.0088 0.999859 0.0108 -0.0094
./src/phm/images/image_0007.png 0.4027 0.0039 -0.0715 -0.0093 0.999864 0.0106 -0.0085
./src/phm/images/image_0008.png 0.4024 0.0036 -0.0717 -0.0092 0.999867 0.0102 -0.0089
./src/phm/images/image_0009.png 0.4022 0.0039 -0.0717 -0.0096 0.999858 0.0105 -0.0091
./src/phm/images/image_0010.png 0.4024 0.0038 -0.0716 -0.0091 0.999866 0.0104 -0.0088
./src/phm/images/image_0011.png 0.4022 0.0038 -0.0719 -0.0092 0.999862 0.0104 -0.0091
./src/phm/images/image_0012.png 0.4021 0.0032 -0.0716 -0.0086 0.999873 0.0099 -0.0090
./src/phm/images/image_0013.png 0.4021 0.0038 -0.0720 -0.0090 0.999863 0.0103 -0.0093
./src/phm/images/image_0014.png 0.4027 0.0042 -0.0717 -0.0097 0.999858 0.0105 -0.0089
./src/phm/images/image_0015.png 0.4023 0.0039 -0.0717 -0.0093 0.999865 0.0101 -0.0090
./src/phm/images/image_0016.png 0.4022 0.0038 -0.0717 -0.0090 0.999866 0.0103 -0.0090
./src/phm/images/image_0017.png 0.4024 0.0041 -0.0718 -0.0096 0.999858 0.0105 -0.0091
./src/phm/images/image_0018.png 0.4021 0.0042 -0.0718 -0.0092 0.999859 0.0107 -0.0091
./src/phm/images/image_0019.png 0.4019 0.0038 -0.0719 -0.0085 0.999866 0.0105 -0.0092
./src/phm/images/image_0020.png 0.4020 0.0041 -0.0718 -0.0087 0.999863 0.0107 -0.0091
./src/phm/images/image_0021.png 0.4025 0.0036 -0.0716 -0.0088 0.999872 0.0101 -0.0088
./src/phm/images/image_0022.png 0.4022 0.0037 -0.0716 -0.0092 0.999864 0.0104 -0.0089
./src/phm/images/image_0023.png 0.4025 0.0043 -0.0716 -0.0094 0.999861 0.0105 -0.0089
./src/phm/images/image_0024.png 0.4026 0.0042 -0.0718 -0.0091 0.999865 0.0104 -0.0088
./src/phm/images/image_0025.png 0.4024 0.0038 -0.0716 -0.0095 0.999864 0.0100 -0.0090
./src/phm/images/image_0026.png 0.4026 0.0038 -0.0717 -0.0091 0.999868 0.0104 -0.0085
./src/phm/images/image_0027.png 0.4023 0.0039 -0.0718 -0.0095 0.999862 0.0103 -0.0090
./src/phm/images/image_0028.png 0.4019 0.0042 -0.0719 -0.0094 0.999855 0.0106 -0.0094
./src/phm/images/image_0029.png 0.4020 0.0040 -0.0719 -0.0095 0.999855 0.0107 -0.0092
./src/phm/images/image_0030.png 0.4026 0.0045 -0.0718 -0.0096 0.999858 0.0106 -0.0089
./src/phm/images/image_0031.png 0.4019 0.0042 -0.0717 -0.0093 0.999856 0.0108 -0.0093
./src/phm/images/image_0032.png 0.4015 0.0032 -0.0716 -0.0082 0.999871 0.0102 -0.0093
./src/phm/images/image_0033.png 0.4030 0.0043 -0.0717 -0.0093 0.999865 0.0104 -0.0086
./src/phm/images/image_0034.png 0.4020 0.0032 -0.0717 -0.0087 0.999870 0.0103 -0.0089
./src/phm/images/image_0035.png 0.4022 0.0039 -0.0716 -0.0094 0.999862 0.0102 -0.0091
./src/phm/images/image_0036.png 0.4022 0.0041 -0.0717 -0.0093 0.999857 0.0109 -0.0091
./src/phm/images/image_0037.png 0.4025 0.0043 -0.0718 -0.0091 0.999863 0.0104 -0.0090
./src/phm/images/image_0038.png 0.4018 0.0041 -0.0717 -0.0087 0.999863 0.0105 -0.0093
./src/phm/images/image_0039.png 0.4018 0.0040 -0.0717 -0.0083 0.999866 0.0107 -0.0092
./src/phm/images/image_0040.png 0.4021 0.0039 -0.0717 -0.0086 0.999866 0.0107 -0.0090
./src/phm/images/image_0041.png 0.4019 0.0038 -0.0717 -0.0091 0.999862 0.0104 -0.0092
./src/phm/images/image_0042.png 0.4020 0.0039 -0.0718 -0.0089 0.999865 0.0104 -0.0092
./src/phm/images/image_0043.png 0.4023 0.0037 -0.0715 -0.0087 0.999871 0.0103 -0.0088
./src/phm/images/image_0044.png 0.4026 0.0041 -0.0717 -0.0096 0.999860 0.0104 -0.0089
./src/phm/images/image_0045.png 0.4024 0.0043 -0.0716 -0.0098 0.999856 0.0105 -0.0090
./src/phm/images/image_0046.png 0.4018 0.0037 -0.0717 -0.0087 0.999865 0.0104 -0.0092
./src/phm/images/image_0047.png 0.4023 0.0040 -0.0717 -0.0096 0.999858 0.0104 -0.0091
./src/phm/images/image_0048.png 0.4021 0.0036 -0.0715 -0.0087 0.999870 0.0104 -0.0088
./src/phm/images/image_0049.png 0.4018 0.0039 -0.0717 -0.0085 0.999866 0.0105 -0.0092
./src/phm/images/image_0050.png 0.4025 0.0042 -0.0719 -0.0093 0.999859 0.0107 -0.0089
./src/phm/images/image_0051.png 0.4024 0.0039 -0.0716 -0.0090 0.999866 0.0104 -0.0088
./src/phm/images/image_0052.png 0.4023 0.0038 -0.0718 -0.0089 0.999866 0.0104 -0.0090
./src/phm/images/image_0053.png 0.4022 0.0038 -0.0717 -0.0090 0.999866 0.0103 -0.0090
./src/phm/images/image_0054.png 0.4024 0.0038 -0.0716 -0.0095 0.999862 0.0104 -0.0088
./src/phm/images/image_0055.png 0.4017 0.0039 -0.0718 -0.0090 0.999860 0.0105 -0.0094
./src/phm/images/image_0056.png 0.4028 0.0043 -0.0718 -0.0100 0.999855 0.0105 -0.0089
./src/phm/images/image_0057.png 0.4025 0.0045 -0.0718 -0.0092 0.999857 0.0112 -0.0088
./src/phm/images/image_0058.png 0.4022 0.0037 -0.0717 -0.0084 0.999872 0.0103 -0.0088
./src/phm/images/image_0059.png 0.4021 0.0040 -0.0719 -0.0089 0.999861 0.0107 -0.0091
./src/phm/images/image_0060.png 0.4024 0.0038 -0.0716 -0.0089 0.999867 0.0104 -0.0088
./src/phm/images/image_0061.png 0.4027 0.0042 -0.0716 -0.0095 0.999862 0.0104 -0.0088
./src/phm/images/image_0062.png 0.4022 0.0039 -0.0717 -0.0090 0.999864 0.0105 -0.0090
./src/phm/images/image_0063.png 0.4022 0.0039 -0.0720 -0.0085 0.999868 0.0105 -0.0090
./src/phm/images/image_0064.png 0.4020 0.0040 -0.0718 -0.0094 0.999858 0.0106 -0.0092
./src/phm/images/image_0065.png 0.4024 0.0037 -0.0716 -0.0089 0.999869 0.0102 -0.0088
./src/phm/images/image_0066.png 0.4020 0.0038 -0.0717 -0.0086 0.999866 0.0104 -0.0091
./src/phm/images/image_0067.png 0.4025 0.0037 -0.0716 -0.0093 0.999865 0.0103 -0.0087
./src/phm/images/image_0068.png 0.4021 0.0037 -0.0717 -0.0088 0.999868 0.0103 -0.0090
./src/phm/images/image_0069.png 0.4020 0.0043 -0.0718 -0.0097 0.999854 0.0105 -0.0094
./src/phm/images/image_0070.png 0.4024 0.0041 -0.0715 -0.0087 0.999866 0.0108 -0.0087
./src/phm/images/image_0071.png 0.4023 0.0043 -0.0719 -0.0094 0.999858 0.0106 -0.0091
./src/phm/images/image_0072.png 0.4025 0.0044 -0.0715 -0.0092 0.999860 0.0110 -0.0087
./src/phm/images/image_0073.png 0.4027 0.0046 -0.0715 -0.0101 0.999852 0.0108 -0.0088
./src/phm/images/image_0074.png 0.4022 0.0032 -0.0715 -0.0080 0.999880 0.0099 -0.0088
./src/phm/images/image_0075.png 0.4019 0.0042 -0.0718 -0.0092 0.999858 0.0105 -0.0094
./src/phm/images/image_0076.png 0.4025 0.0035 -0.0716 -0.0087 0.999874 0.0101 -0.0086
./src/phm/images/image_0077.png 0.4018 0.0038 -0.0717 -0.0090 0.999861 0.0106 -0.0092
./src/phm/images/image_0078.png 0.4025 0.0035 -0.0716 -0.0092 0.999868 0.0102 -0.0088
./src/phm/images/image_0079.png 0.4028 0.0045 -0.0716 -0.0099 0.999855 0.0108 -0.0088
./src/phm/images/image_0080.png 0.4017 0.0040 -0.0718 -0.0091 0.999858 0.0105 -0.0095
./src/phm/images/image_0081.png 0.4022 0.0041 -0.0718 -0.0091 0.999863 0.0105 -0.0089
./src/phm/images/image_0082.png 0.4020 0.0038 -0.0718 -0.0091 0.999862 0.0104 -0.0092
./src/phm/images/image_0083.png 0.4020 0.0035 -0.0717 -0.0089 0.999868 0.0102 -0.0091
./src/phm/images/image_0084.png 0.4023 0.0040 -0.0715 -0.0089 0.999866 0.0106 -0.0087
./src/phm/images/image_0085.png 0.4022 0.0038 -0.0717 -0.0090 0.999866 0.0103 -0.0090
./src/phm/images/image_0086.png 0.4022 0.0043 -0.0717 -0.0093 0.999858 0.0106 -0.0092
./src/phm/images/image_0087.png 0.4026 0.0046 -0.0718 -0.0096 0.999857 0.0108 -0.0089
./src/phm/images/image_0088.png 0.4029 0.0038 -0.0716 -0.0092 0.999868 0.0104 -0.0085
./src/phm/images/image_0089.png 0.4017 0.0040 -0.0719 -0.0089 0.999859 0.0108 -0.0093
./src/phm/images/image_0090.png 0.4024 0.0038 -0.0716 -0.0090 0.999868 0.0102 -0.0089
./src/phm/images/image_0091.png 0.4022 0.0036 -0.0718 -0.0093 0.999862 0.0103 -0.0091
./src/phm/images/image_0092.png 0.4022 0.0040 -0.0717 -0.0093 0.999859 0.0107 -0.0090
./src/phm/images/image_0093.png 0.4022 0.0038 -0.0717 -0.0088 0.999866 0.0105 -0.0089
./src/phm/images/image_0094.png 0.4021 0.0037 -0.0717 -0.0086 0.999870 0.0103 -0.0090
./src/phm/images/image_0095.png 0.4022 0.0035 -0.0715 -0.0087 0.999870 0.0103 -0.0089
./src/phm/images/image_0096.png 0.4025 0.0042 -0.0716 -0.0094 0.999863 0.0103 -0.0089
./src/phm/images/image_0097.png 0.4022 0.0036 -0.0718 -0.0082 0.999872 0.0105 -0.0089
./src/phm/images/image_0098.png 0.4020 0.0039 -0.0720 -0.0095 0.999857 0.0105 -0.0093
./src/phm/images/image_0099.png 0.4018 0.0036 -0.0717 -0.0088 0.999866 0.0103 -0.0092
./src/phm/images/image_0100.png 0.4022 0.0039 -0.0717 -0.0090 0.999864 0.0105 -0.0090
./src/phm/images/image_0101.png 0.4023 0.0034 -0.0717 -0.0083 0.999875 0.0102 -0.0088
./src/phm/images/image_0102.png 0.4021 0.0038 -0.0716 -0.0093 0.999863 0.0102 -0.0092
./src/phm/images/image_0103.png 0.4024 0.0042 -0.0718 -0.0096 0.999857 0.0106 -0.0090
./src/phm/images/image_0104.png 0.4023 0.0039 -0.0717 -0.0090 0.999862 0.0108 -0.0089
./src/phm/images/image_0105.png 0.4024 0.0043 -0.0717 -0.0098 0.999855 0.0107 -0.0090
./src/phm/images/image_0106.png 0.4021 0.0039 -0.0718 -0.0090 0.999864 0.0104 -0.0092
./src/phm/images/image_0107.png 0.4023 0.0044 -0.0719 -0.0097 0.999854 0.0107 -0.0091
./src/phm/images/image_0108.png 0.4025 0.0044 -0.0716 -0.0094 0.999859 0.0107 -0.0089
./src/phm/images/image_0109.png 0.4024 0.0041 -0.0717 -0.0094 0.999863 0.0103 -0.0090
./src/phm/images/image_0110.png 0.4027 0.0038 -0.0716 -0.0094 0.999866 0.0103 -0.0086
./src/phm/images/image_0111.png 0.4020 0.0035 -0.0717 -0.0087 0.999869 0.0102 -0.0091
./src/phm/images/image_0112.png 0.4024 0.0037 -0.0716 -0.0084 0.999874 0.0104 -0.0087
./src/phm/images/image_0113.png 0.4021 0.0038 -0.0715 -0.0088 0.999866 0.0104 -0.0090
./src/phm/images/image_0114.png 0.4029 0.0041 -0.0716 -0.0093 0.999866 0.0105 -0.0085
./src/phm/images/image_0115.png 0.4019 0.0039 -0.0717 -0.0091 0.999860 0.0106 -0.0092
./src/phm/images/image_0116.png 0.4021 0.0036 -0.0717 -0.0090 0.999867 0.0101 -0.0091
./src/phm/images/image_0117.png 0.4021 0.0042 -0.0718 -0.0089 0.999862 0.0107 -0.0091
./src/phm/images/image_0118.png 0.4012 0.0041 -0.0719 -0.0089 0.999853 0.0109 -0.0098
./src/phm/images/image_0119.png 0.4017 0.0038 -0.0719 -0.0087 0.999864 0.0104 -0.0094
./src/phm/images/image_0120.png 0.4022 0.0038 -0.0717 -0.0090 0.999866 0.0103 -0.0090
./src/phm/images/image_0121.png 0.4022 0.0037 -0.0717 -0.0083 0.999874 0.0103 -0.0088
./src/phm/images/image_0122.png 0.4020 0.0037 -0.0716 -0.0089 0.999867 0.0102 -0.0091
./src/phm/images/image_0123.png 0.4025 0.0038 -0.0716 -0.0093 0.999866 0.0102 -0.0088
./src/phm/images/image_0124.png 0.4027 0.0043 -0.0715 -0.0091 0.999867 0.0104 -0.0087
./src/phm/images/image_0125.png 0.4019 0.0035 -0.0718 -0.0087 0.999868 0.0102 -0.0091
./src/phm/images/image_0126.png 0.4025 0.0036 -0.0716 -0.0094 0.999866 0.0102 -0.0088
./src/phm/images/image_0127.png 0.4021 0.0038 -0.0717 -0.0086 0.999867 0.0105 -0.0090
./src/phm/images/image_0128.png 0.4016 0.0037 -0.0718 -0.0086 0.999865 0.0103 -0.0094
./src/phm/images/image_0129.png 0.4022 0.0039 -0.0719 -0.0086 0.999870 0.0103 -0.0090
./src/phm/images/image_0130.png 0.4022 0.0040 -0.0717 -0.0097 0.999857 0.0105 -0.0091
./src/phm/images/image_0131.png 0.4029 0.0042 -0.0716 -0.0097 0.999860 0.0105 -0.0086
./src/phm/images/image_0132.png 0.4026 0.0042 -0.0716 -0.0096 0.999860 0.0106 -0.0087
./src/phm/images/image_0133.png 0.4021 0.0038 -0.0718 -0.0086 0.999869 0.0102 -0.0092
./src/phm/images/image_0134.png 0.4020 0.0039 -0.0717 -0.0089 0.999864 0.0104 -0.0092
./src/phm/images/image_0135.png 0.4020 0.0036 -0.0716 -0.0089 0.999866 0.0104 -0.0090
./src/phm/images/image_0136.png 0.4025 0.0036 -0.0716 -0.0089 0.999870 0.0103 -0.0087
./src/phm/images/image_0137.png 0.4020 0.0038 -0.0719 -0.0093 0.999858 0.0106 -0.0092
./src/phm/images/image_0138.png 0.4026 0.0037 -0.0715 -0.0086 0.999875 0.0102 -0.0086
./src/phm/images/image_0139.png 0.4023 0.0038 -0.0717 -0.0088 0.999869 0.0103 -0.0088
./src/phm/images/image_0140.png 0.4023 0.0035 -0.0716 -0.0090 0.999869 0.0101 -0.0089
./src/phm/images/image_0141.png 0.4018 0.0034 -0.0718 -0.0086 0.999868 0.0103 -0.0093
./src/phm/images/image_0142.png 0.4021 0.0041 -0.0717 -0.0090 0.999862 0.0104 -0.0092
./src/phm/images/image_0143.png 0.4026 0.0037 -0.0716 -0.0096 0.999863 0.0103 -0.0087
./src/phm/images/image_0144.png 0.4018 0.0033 -0.0718 -0.0086 0.999870 0.0101 -0.0093
./src/phm/images/image_0145.png 0.4023 0.0038 -0.0715 -0.0088 0.999869 0.0105 -0.0087
./src/phm/images/image_0146.png 0.4024 0.0038 -0.0717 -0.0092 0.999863 0.0104 -0.0089
./src/phm/images/image_0147.png 0.4021 0.0039 -0.0717 -0.0092 0.999859 0.0107 -0.0091
./src/phm/images/image_0148.png 0.4024 0.0042 -0.0715 -0.0087 0.999870 0.0103 -0.0088
./src/phm/images/image_0149.png 0.4022 0.0039 -0.0717 -0.0090 0.999864 0.0105 -0.0090
./src/phm/images/image_0150.png 0.4019 0.0042 -0.0718 -0.0090 0.999860 0.0105 -0.0094
./src/phm/images/image_0151.png 0.4021 0.0039 -0.0717 -0.0082 0.999871 0.0106 -0.0089
./src/phm/images/image_0152.png 0.4021 0.0041 -0.0717 -0.0089 0.999861 0.0108 -0.0091
./src/phm/images/image_0153.png 0.4021 0.0036 -0.0718 -0.0091 0.999863 0.0103 -0.0092
./src/phm/images/image_0154.png 0.4024 0.0040 -0.0719 -0.0088 0.999865 0.0106 -0.0090
./src/phm/images/image_0155.png 0.4021 0.0041 -0.0719 -0.0091 0.999861 0.0105 -0.0092
./src/phm/images/image_0156.png 0.4026 0.0039 -0.0715 -0.0091 0.999868 0.0103 -0.0086
./src/phm/images/image_0157.png 0.4023 0.0037 -0.0716 -0.0088 0.999868 0.0104 -0.0088
./src/phm/images/image_0158.png 0.4023 0.0039 -0.0715 -0.0087 0.999868 0.0105 -0.0088
./src/phm/images/image_0159.png 0.4026 0.0040 -0.0716 -0.0092 0.999866 0.0102 -0.0089
./src/phm/images/image_0160.png 0.4968 0.0394 -0.0752 0.0165 0.997399 -0.0489 0.0503
./src/phm/images/image_0161.png 0.6180 0.3299 -0.0469 0.0188 0.993196 -0.0489 0.1040
./src/phm/images/image_0162.png 0.5027 0.6110 0.0004 -0.0218 0.999626 0.0070 0.0150
./src/phm/images/image_0163.png 0.4993 0.6097 0.0024 -0.0074 0.999951 0.0048 0.0045
./src/phm/images/image_0164.png 0.5004 0.6030 0.0013 -0.0030 0.999987 0.0030 0.0028
./src/phm/images/image_0165.png 0.5041 0.5951 -0.0011 0.0027 0.999991 0.0000 0.0032
./src/phm/images/image_0166.png 0.5049 0.5917 -0.0021 0.0052 0.999981 -0.0017 0.0027
./src/phm/images/image_0167.png 0.5067 0.5906 -0.0023 0.0047 0.999977 -0.0023 0.0044
./src/phm/images/image_0168.png 0.5061 0.5915 -0.0026 0.0041 0.999981 -0.0013 0.0044
./src/phm/images/image_0169.png 0.5064 0.5910 -0.0028 0.0039 0.999981 -0.0015 0.0044
./src/phm/images/image_0170.png 0.5055 0.5909 -0.0037 0.0033 0.999986 -0.0019 0.0036
./src/phm/images/image_0171.png 0.5053 0.5913 -0.0036 0.0034 0.999986 -0.0017 0.0035
./src/phm/images/image_0172.png 0.5061 0.5920 -0.0032 0.0024 0.999986 -0.0013 0.0046
./src/phm/images/image_0173.png 0.5063 0.5916 -0.0032 0.0026 0.999985 -0.0014 0.0045
./src/phm/images/image_0174.png 0.5061 0.5918 -0.0030 0.0018 0.999985 -0.0016 0.0050
./src/phm/images/image_0175.png 0.5058 0.5909 -0.0034 0.0025 0.999985 -0.0022 0.0044
./src/phm/images/image_0176.png 0.5063 0.5909 -0.0031 0.0022 0.999985 -0.0020 0.0047
./src/phm/images/image_0177.png 0.5054 0.5909 -0.0035 0.0020 0.999987 -0.0023 0.0041
./src/phm/images/image_0178.png 0.5062 0.5909 -0.0032 0.0026 0.999984 -0.0020 0.0047
./src/phm/images/image_0179.png 0.5063 0.5909 -0.0031 0.0026 0.999984 -0.0020 0.0047
./src/phm/images/image_0180.png 0.5060 0.5906 -0.0034 0.0022 0.999985 -0.0024 0.0044
./src/phm/images/image_0181.png 0.5060 0.5908 -0.0033 0.0022 0.999985 -0.0024 0.0044
./src/phm/images/image_0182.png 0.5060 0.5907 -0.0034 0.0027 0.999984 -0.0025 0.0043
./src/phm/images/image_0183.png 0.5067 0.5913 -0.0030 0.0028 0.999981 -0.0019 0.0051
./src/phm/images/image_0184.png 0.5065 0.5912 -0.0033 0.0031 0.999983 -0.0016 0.0046
./src/phm/images/image_0185.png 0.5057 0.5910 -0.0031 0.0025 0.999984 -0.0023 0.0045
./src/phm/images/image_0186.png 0.5059 0.5910 -0.0034 0.0024 0.999985 -0.0020 0.0045
./src/phm/images/image_0187.png 0.5061 0.5909 -0.0032 0.0020 0.999984 -0.0022 0.0048
./src/phm/images/image_0188.png 0.5057 0.5908 -0.0034 0.0026 0.999985 -0.0024 0.0042
./src/phm/images/image_0189.png 0.5066 0.5909 -0.0031 0.0032 0.999981 -0.0019 0.0048
./src/phm/images/image_0190.png 0.5057 0.5906 -0.0036 0.0020 0.999986 -0.0027 0.0042
./src/phm/images/image_0191.png 0.5054 0.5911 -0.0035 0.0019 0.999987 -0.0023 0.0040
./src/phm/images/image_0192.png 0.5060 0.5911 -0.0031 0.0021 0.999984 -0.0023 0.0046
./src/phm/images/image_0193.png 0.5057 0.5909 -0.0033 0.0026 0.999985 -0.0025 0.0042
./src/phm/images/image_0194.png 0.5062 0.5917 -0.0030 0.0016 0.999985 -0.0019 0.0049
./src/phm/images/image_0195.png 0.5064 0.5922 -0.0028 0.0019 0.999984 -0.0016 0.0052
./src/phm/images/image_0196.png 0.5058 0.5904 -0.0034 0.0026 0.999986 -0.0023 0.0041
./src/phm/images/image_0197.png 0.5056 0.5908 -0.0031 0.0024 0.999985 -0.0025 0.0043
./src/phm/images/image_0198.png 0.5058 0.5905 -0.0036 0.0024 0.999985 -0.0026 0.0041
./src/phm/images/image_0199.png 0.5058 0.5910 -0.0032 0.0024 0.999984 -0.0023 0.0045
./src/phm/images/image_0200.png 0.5056 0.5913 -0.0033 0.0021 0.999987 -0.0019 0.0043
./src/phm/images/image_0201.png 0.5056 0.5913 -0.0031 0.0018 0.999986 -0.0024 0.0043
./src/phm/images/image_0202.png 0.5059 0.5908 -0.0033 0.0024 0.999985 -0.0024 0.0043
./src/phm/images/image_0203.png 0.5058 0.5915 -0.0030 0.0018 0.999986 -0.0020 0.0044
./src/phm/images/image_0204.png 0.5057 0.5910 -0.0032 0.0022 0.999986 -0.0023 0.0043
./src/phm/images/image_0205.png 0.5066 0.5917 -0.0028 0.0023 0.999983 -0.0018 0.0049
./src/phm/images/image_0206.png 0.5063 0.5918 -0.0031 0.0021 0.999985 -0.0017 0.0048
./src/phm/images/image_0207.png 0.5056 0.5912 -0.0033 0.0020 0.999986 -0.0022 0.0043
./src/phm/images/image_0208.png 0.5057 0.5910 -0.0033 0.0021 0.999986 -0.0022 0.0043
./src/phm/images/image_0209.png 0.5053 0.5905 -0.0035 0.0023 0.999987 -0.0026 0.0038
./src/phm/images/image_0210.png 0.5053 0.5912 -0.0032 0.0019 0.999987 -0.0024 0.0041
./src/phm/images/image_0211.png 0.5055 0.5909 -0.0032 0.0028 0.999986 -0.0022 0.0039
./src/phm/images/image_0212.png 0.5056 0.5910 -0.0032 0.0022 0.999986 -0.0021 0.0042
./src/phm/images/image_0213.png 0.5057 0.5911 -0.0032 0.0023 0.999985 -0.0023 0.0044
./src/phm/images/image_0214.png 0.5064 0.5913 -0.0028 0.0026 0.999983 -0.0019 0.0048
./src/phm/images/image_0215.png 0.5057 0.5914 -0.0030 0.0025 0.999986 -0.0018 0.0042
./src/phm/images/image_0216.png 0.5059 0.5916 -0.0031 0.0021 0.999986 -0.0020 0.0044
./src/phm/images/image_0217.png 0.5063 0.5915 -0.0029 0.0025 0.999984 -0.0016 0.0049
./src/phm/images/image_0218.png 0.5055 0.5909 -0.0034 0.0025 0.999987 -0.0022 0.0039
./src/phm/images/image_0219.png 0.5057 0.5912 -0.0031 0.0027 0.999986 -0.0019 0.0043
./src/phm/images/image_0220.png 0.5058 0.5908 -0.0035 0.0022 0.999985 -0.0026 0.0042
./src/phm/images/image_0221.png 0.5060 0.5908 -0.0032 0.0026 0.999983 -0.0023 0.0046
./src/phm/images/image_0222.png 0.5061 0.5908 -0.0031 0.0019 0.999985 -0.0025 0.0045
./src/phm/images/image_0223.png 0.5058 0.5915 -0.0032 0.0016 0.999987 -0.0021 0.0045
./src/phm/images/image_0224.png 0.5057 0.5914 -0.0032 0.0023 0.999987 -0.0019 0.0042
./src/phm/images/image_0225.png 0.5054 0.5916 -0.0031 0.0016 0.999988 -0.0020 0.0042
./src/phm/images/image_0226.png 0.5057 0.5917 -0.0031 0.0022 0.999985 -0.0018 0.0046
./src/phm/images/image_0227.png 0.5062 0.5919 -0.0029 0.0019 0.999985 -0.0014 0.0049
./src/phm/images/image_0228.png 0.5065 0.5915 -0.0029 0.0029 0.999983 -0.0017 0.0049
./src/phm/images/image_0229.png 0.5058 0.5908 -0.0032 0.0025 0.999985 -0.0024 0.0043
./src/phm/images/image_0230.png 0.5057 0.5908 -0.0033 0.0028 0.999986 -0.0022 0.0040
./src/phm/images/image_0231.png 0.5056 0.5910 -0.0033 0.0021 0.999986 -0.0022 0.0044
./src/phm/images/image_0232.png 0.5058 0.5907 -0.0033 0.0026 0.999985 -0.0024 0.0042
./src/phm/images/image_0233.png 0.5055 0.5910 -0.0032 0.0020 0.999986 -0.0024 0.0042
./src/phm/images/image_0234.png 0.5057 0.5904 -0.0033 0.0029 0.999984 -0.0027 0.0040
./src/phm/images/image_0235.png 0.5063 0.5913 -0.0030 0.0020 0.999984 -0.0020 0.0049
./src/phm/images/image_0236.png 0.5054 0.5910 -0.0033 0.0021 0.999987 -0.0024 0.0040
./src/phm/images/image_0237.png 0.5057 0.5913 -0.0034 0.0024 0.999986 -0.0021 0.0042
./src/phm/images/image_0238.png 0.5062 0.5918 -0.0027 0.0025 0.999984 -0.0016 0.0048
./src/phm/images/image_0239.png 0.5058 0.5908 -0.0031 0.0026 0.999985 -0.0023 0.0043
./src/phm/images/image_0240.png 0.5050 0.5911 -0.0034 0.0020 0.999988 -0.0024 0.0038
./src/phm/images/image_0241.png 0.5054 0.5909 -0.0032 0.0022 0.999986 -0.0026 0.0042
./src/phm/images/image_0242.png 0.5061 0.5910 -0.0032 0.0029 0.999984 -0.0021 0.0043
./src/phm/images/image_0243.png 0.5061 0.5907 -0.0032 0.0026 0.999984 -0.0022 0.0045
./src/phm/images/image_0244.png 0.5058 0.5912 -0.0030 0.0021 0.999986 -0.0021 0.0044
./src/phm/images/image_0245.png 0.5058 0.5910 -0.0033 0.0030 0.999985 -0.0018 0.0042
./src/phm/images/image_0246.png 0.5059 0.5909 -0.0033 0.0026 0.999985 -0.0022 0.0042
./src/phm/images/image_0247.png 0.5063 0.5914 -0.0030 0.0020 0.999984 -0.0018 0.0050
./src/phm/images/image_0248.png 0.5066 0.5918 -0.0028 0.0024 0.999983 -0.0017 0.0050
./src/phm/images/image_0249.png 0.5061 0.5919 -0.0026 0.0021 0.999985 -0.0016 0.0048
./src/phm/images/image_0250.png 0.5057 0.5905 -0.0032 0.0031 0.999985 -0.0025 0.0039
./src/phm/images/image_0251.png 0.5054 0.5915 -0.0031 0.0026 0.999987 -0.0018 0.0040
./src/phm/images/image_0252.png 0.5057 0.5912 -0.0031 0.0020 0.999985 -0.0022 0.0045
./src/phm/images/image_0253.png 0.5060 0.5912 -0.0031 0.0030 0.999985 -0.0017 0.0044
./src/phm/images/image_0254.png 0.5057 0.5912 -0.0034 0.0030 0.999986 -0.0019 0.0039
./src/phm/images/image_0255.png 0.5053 0.5913 -0.0031 0.0022 0.999987 -0.0022 0.0039
./src/phm/images/image_0256.png 0.5056 0.5914 -0.0032 0.0023 0.999987 -0.0019 0.0041
./src/phm/images/image_0257.png 0.5061 0.5908 -0.0031 0.0029 0.999984 -0.0022 0.0043
./src/phm/images/image_0258.png 0.5066 0.5914 -0.0028 0.0033 0.999981 -0.0016 0.0049
./src/phm/images/image_0259.png 0.5055 0.5913 -0.0034 0.0025 0.999987 -0.0020 0.0038
./src/phm/images/image_0260.png 0.5054 0.5910 -0.0034 0.0028 0.999987 -0.0021 0.0038
./src/phm/images/image_0261.png 0.5050 0.5912 -0.0036 0.0022 0.999988 -0.0024 0.0037
./src/phm/images/image_0262.png 0.5056 0.5912 -0.0031 0.0023 0.999986 -0.0022 0.0043
./src/phm/images/image_0263.png 0.5059 0.5908 -0.0034 0.0025 0.999984 -0.0025 0.0044
./src/phm/images/image_0264.png 0.5061 0.5912 -0.0031 0.0028 0.999983 -0.0022 0.0046
./src/phm/images/image_0265.png 0.5058 0.5916 -0.0029 0.0024 0.999985 -0.0019 0.0046
./src/phm/images/image_0266.png 0.5057 0.5908 -0.0033 0.0028 0.999985 -0.0023 0.0040
./src/phm/images/image_0267.png 0.5059 0.5913 -0.0030 0.0029 0.999984 -0.0018 0.0045
./src/phm/images/image_0268.png 0.5058 0.5912 -0.0031 0.0029 0.999986 -0.0019 0.0040
./src/phm/images/image_0269.png 0.5061 0.5913 -0.0032 0.0025 0.999984 -0.0021 0.0045
./src/phm/images/image_0270.png 0.5060 0.5919 -0.0028 0.0018 0.999986 -0.0016 0.0047
./src/phm/images/image_0271.png 0.5057 0.5912 -0.0032 0.0022 0.999986 -0.0021 0.0044
./src/phm/images/image_0272.png 0.5055 0.5912 -0.0031 0.0022 0.999987 -0.0021 0.0041
./src/phm/images/image_0273.png 0.5057 0.5907 -0.0032 0.0025 0.999986 -0.0023 0.0042
./src/phm/images/image_0274.png 0.5057 0.5909 -0.0033 0.0021 0.999986 -0.0024 0.0042
./src/phm/images/image_0275.png 0.5062 0.5911 -0.0032 0.0024 0.999983 -0.0020 0.0049
./src/phm/images/image_0276.png 0.5061 0.5908 -0.0033 0.0028 0.999984 -0.0022 0.0044
./src/phm/images/image_0277.png 0.5056 0.5908 -0.0033 0.0021 0.999985 -0.0026 0.0042
./src/phm/images/image_0278.png 0.5059 0.5911 -0.0033 0.0024 0.999985 -0.0024 0.0043
./src/phm/images/image_0279.png 0.5066 0.5913 -0.0029 0.0027 0.999983 -0.0017 0.0049
./src/phm/images/image_0280.png 0.5063 0.5906 -0.0034 0.0029 0.999984 -0.0023 0.0043
./src/phm/images/image_0281.png 0.5062 0.5912 -0.0030 0.0022 0.999983 -0.0021 0.0049
./src/phm/images/image_0282.png 0.5059 0.5908 -0.0031 0.0021 0.999985 -0.0023 0.0045
./src/phm/images/image_0283.png 0.5055 0.5908 -0.0035 0.0017 0.999986 -0.0027 0.0043
./src/phm/images/image_0284.png 0.5062 0.5908 -0.0031 0.0028 0.999984 -0.0022 0.0045
./src/phm/images/image_0285.png 0.5059 0.5905 -0.0032 0.0021 0.999985 -0.0025 0.0045
./src/phm/images/image_0286.png 0.5060 0.5912 -0.0031 0.0025 0.999985 -0.0020 0.0045
./src/phm/images/image_0287.png 0.5055 0.5910 -0.0033 0.0032 0.999985 -0.0021 0.0039
./src/phm/images/image_0288.png 0.5057 0.5910 -0.0032 0.0021 0.999986 -0.0020 0.0045
./src/phm/images/image_0289.png 0.5060 0.5913 -0.0029 0.0019 0.999984 -0.0022 0.0048
./src/phm/images/image_0290.png 0.5059 0.5910 -0.0033 0.0021 0.999985 -0.0023 0.0045
./src/phm/images/image_0291.png 0.5062 0.5919 -0.0029 0.0019 0.999984 -0.0020 0.0049
./src/phm/images/image_0292.png 0.5062 0.5912 -0.0032 0.0022 0.999985 -0.0022 0.0045
./src/phm/images/image_0293.png 0.5060 0.5904 -0.0032 0.0027 0.999983 -0.0027 0.0043
./src/phm/images/image_0294.png 0.5054 0.5911 -0.0035 0.0018 0.999988 -0.0023 0.0040
./src/phm/images/image_0295.png 0.5062 0.5908 -0.0031 0.0028 0.999983 -0.0022 0.0046
./src/phm/images/image_0296.png 0.5059 0.5909 -0.0035 0.0022 0.999985 -0.0023 0.0043
./src/phm/images/image_0297.png 0.5061 0.5907 -0.0032 0.0024 0.999985 -0.0021 0.0044
./src/phm/images/image_0298.png 0.5058 0.5906 -0.0032 0.0024 0.999985 -0.0027 0.0042
./src/phm/images/image_0299.png 0.5056 0.5914 -0.0031 0.0023 0.999985 -0.0020 0.0044
./src/phm/images/image_0300.png 0.5065 0.5908 -0.0031 0.0032 0.999982 -0.0020 0.0047
./src/phm/images/image_0301.png 0.5061 0.5912 -0.0031 0.0023 0.999984 -0.0022 0.0047
./src/phm/images/image_0302.png 0.5062 0.5913 -0.0032 0.0024 0.999985 -0.0020 0.0046
./src/phm/images/image_0303.png 0.5060 0.5914 -0.0033 0.0025 0.999985 -0.0020 0.0044
./src/phm/images/image_0304.png 0.5055 0.5913 -0.0032 0.0027 0.999986 -0.0020 0.0041
./src/phm/images/image_0305.png 0.5053 0.5909 -0.0035 0.0018 0.999986 -0.0026 0.0041
./src/phm/images/image_0306.png 0.5062 0.5913 -0.0029 0.0023 0.999984 -0.0018 0.0049
./src/phm/images/image_0307.png 0.5057 0.5904 -0.0037 0.0028 0.999985 -0.0024 0.0040
./src/phm/images/image_0308.png 0.5054 0.5910 -0.0034 0.0025 0.999987 -0.0022 0.0039
./src/phm/images/image_0309.png 0.5065 0.5905 -0.0031 0.0023 0.999983 -0.0025 0.0048
./src/phm/images/image_0310.png 0.5059 0.5913 -0.0033 0.0030 0.999984 -0.0019 0.0044
./src/phm/images/image_0311.png 0.5062 0.5909 -0.0031 0.0031 0.999983 -0.0021 0.0044
./src/phm/images/image_0312.png 0.5059 0.5909 -0.0034 0.0029 0.999984 -0.0023 0.0044
./src/phm/images/image_0313.png 0.5063 0.5920 -0.0028 0.0022 0.999984 -0.0014 0.0050
./src/phm/images/image_0314.png 0.5064 0.5914 -0.0030 0.0022 0.999984 -0.0019 0.0049
./src/phm/images/image_0315.png 0.5063 0.5913 -0.0028 0.0027 0.999983 -0.0019 0.0049
./src/phm/images/image_0316.png 0.5058 0.5911 -0.0031 0.0016 0.999986 -0.0023 0.0045
./src/phm/images/image_0317.png 0.5056 0.5908 -0.0032 0.0022 0.999986 -0.0024 0.0042
./src/phm/images/image_0318.png 0.5058 0.5907 -0.0034 0.0024 0.999984 -0.0026 0.0044
./src/phm/images/image_0319.png 0.5060 0.5909 -0.0031 0.0017 0.999985 -0.0026 0.0046
./src/phm/images/image_0320.png 0.5060 0.5907 -0.0033 0.0028 0.999984 -0.0023 0.0042
./src/phm/images/image_0321.png 0.5061 0.5915 -0.0030 0.0022 0.999984 -0.0020 0.0048
./src/phm/images/image_0322.png 0.5063 0.5913 -0.0030 0.0030 0.999983 -0.0017 0.0046
./src/phm/images/image_0323.png 0.5063 0.5915 -0.0029 0.0019 0.999984 -0.0019 0.0049
./src/phm/images/image_0324.png 0.5060 0.5915 -0.0032 0.0021 0.999986 -0.0017 0.0045
./src/phm/images/image_0325.png 0.5061 0.5916 -0.0030 0.0022 0.999985 -0.0016 0.0047
./src/phm/images/image_0326.png 0.5056 0.5910 -0.0034 0.0022 0.999986 -0.0023 0.0043
./src/phm/images/image_0327.png 0.5055 0.5907 -0.0037 0.0026 0.999986 -0.0023 0.0039
./src/phm/images/image_0328.png 0.5057 0.5909 -0.0033 0.0019 0.999986 -0.0025 0.0043
./src/phm/images/image_0329.png 0.5061 0.5908 -0.0033 0.0028 0.999984 -0.0022 0.0043
./src/phm/images/image_0330.png 0.5062 0.5908 -0.0030 0.0029 0.999983 -0.0022 0.0045
./src/phm/images/image_0331.png 0.5055 0.5908 -0.0032 0.0025 0.999986 -0.0025 0.0040
./src/phm/images/image_0332.png 0.5054 0.5914 -0.0033 0.0020 0.999988 -0.0019 0.0041
./src/phm/images/image_0333.png 0.5057 0.5904 -0.0033 0.0028 0.999985 -0.0027 0.0039
./src/phm/images/image_0334.png 0.5060 0.5914 -0.0030 0.0022 0.999985 -0.0020 0.0046
./src/phm/images/image_0335.png 0.5068 0.5911 -0.0031 0.0028 0.999982 -0.0020 0.0049
./src/phm/images/image_0336.png 0.5064 0.5914 -0.0031 0.0026 0.999983 -0.0021 0.0048
./src/phm/images/image_0337.png 0.5052 0.5900 -0.0038 0.0021 0.999986 -0.0032 0.0037
./src/phm/images/image_0338.png 0.5051 0.5906 -0.0037 0.0018 0.999988 -0.0027 0.0037
./src/phm/images/image_0339.png 0.5061 0.5904 -0.0036 0.0020 0.999985 -0.0025 0.0045
./src/phm/images/image_0340.png 0.5054 0.5911 -0.0032 0.0022 0.999987 -0.0022 0.0040
./src/phm/images/image_0341.png 0.5062 0.5911 -0.0032 0.0025 0.999984 -0.0020 0.0046
./src/phm/images/image_0342.png 0.5060 0.5908 -0.0034 0.0027 0.999984 -0.0024 0.0043
./src/phm/images/image_0343.png 0.5066 0.5910 -0.0029 0.0027 0.999982 -0.0019 0.0050
./src/phm/images/image_0344.png 0.5055 0.5913 -0.0033 0.0023 0.999987 -0.0018 0.0042
./src/phm/images/image_0345.png 0.5069 0.5914 -0.0031 0.0033 0.999981 -0.0015 0.0049
./src/phm/images/image_0346.png 0.5065 0.5917 -0.0029 0.0025 0.999983 -0.0016 0.0050
./src/phm/images/image_0347.png 0.5063 0.5913 -0.0032 0.0022 0.999984 -0.0020 0.0048
./src/phm/images/image_0348.png 0.5058 0.5906 -0.0033 0.0029 0.999984 -0.0023 0.0042
./src/phm/images/image_0349.png 0.5061 0.5910 -0.0030 0.0019 0.999984 -0.0025 0.0047
./src/phm/images/image_0350.png 0.5060 0.5908 -0.0031 0.0026 0.999984 -0.0024 0.0043
./src/phm/images/image_0351.png 0.5061 0.5910 -0.0031 0.0027 0.999984 -0.0020 0.0045
./src/phm/images/image_0352.png 0.5056 0.5911 -0.0032 0.0019 0.999986 -0.0022 0.0044
./src/phm/images/image_0353.png 0.5056 0.5907 -0.0034 0.0025 0.999985 -0.0026 0.0040
./src/phm/images/image_0354.png 0.5059 0.5912 -0.0034 0.0026 0.999986 -0.0019 0.0043
./src/phm/images/image_0355.png 0.5063 0.5913 -0.0029 0.0021 0.999984 -0.0020 0.0048
./src/phm/images/image_0356.png 0.5061 0.5908 -0.0030 0.0030 0.999984 -0.0021 0.0044
./src/phm/images/image_0357.png 0.5068 0.5916 -0.0028 0.0024 0.999983 -0.0017 0.0051
./src/phm/images/image_0358.png 0.5069 0.5917 -0.0030 0.0024 0.999982 -0.0016 0.0052
./src/phm/images/image_0359.png 0.5059 0.5903 -0.0035 0.0027 0.999984 -0.0026 0.0043
./src/phm/images/image_0360.png 0.5058 0.5911 -0.0031 0.0024 0.999985 -0.0020 0.0045
./src/phm/images/image_0361.png 0.5056 0.5910 -0.0034 0.0019 0.999987 -0.0020 0.0042
./src/phm/images/image_0362.png 0.5059 0.5905 -0.0034 0.0020 0.999986 -0.0025 0.0043
./src/phm/images/image_0363.png 0.5061 0.5913 -0.0031 0.0026 0.999984 -0.0018 0.0047
./src/phm/images/image_0364.png 0.5056 0.5910 -0.0031 0.0020 0.999985 -0.0026 0.0043
./src/phm/images/image_0365.png 0.5070 0.5916 -0.0026 0.0028 0.999981 -0.0018 0.0053
./src/phm/images/image_0366.png 0.5059 0.5917 -0.0030 0.0022 0.999986 -0.0016 0.0045
./src/phm/images/image_0367.png 0.5057 0.5911 -0.0035 0.0026 0.999986 -0.0021 0.0041
./src/phm/images/image_0368.png 0.5060 0.5912 -0.0031 0.0024 0.999985 -0.0020 0.0045
./src/phm/images/image_0369.png 0.5057 0.5914 -0.0030 0.0026 0.999985 -0.0018 0.0044
./src/phm/images/image_0370.png 0.5058 0.5905 -0.0032 0.0025 0.999984 -0.0024 0.0044
./src/phm/images/image_0371.png 0.5060 0.5910 -0.0032 0.0022 0.999986 -0.0020 0.0045
./src/phm/images/image_0372.png 0.5054 0.5919 -0.0032 0.0017 0.999987 -0.0019 0.0044
./src/phm/images/image_0373.png 0.5056 0.5908 -0.0035 0.0025 0.999986 -0.0027 0.0039
./src/phm/images/image_0374.png 0.5063 0.5914 -0.0031 0.0025 0.999984 -0.0018 0.0047
./src/phm/images/image_0375.png 0.5064 0.5920 -0.0026 0.0025 0.999984 -0.0013 0.0049
./src/phm/images/image_0376.png 0.5062 0.5913 -0.0031 0.0029 0.999984 -0.0018 0.0045
./src/phm/images/image_0377.png 0.5057 0.5915 -0.0032 0.0020 0.999986 -0.0020 0.0044
./src/phm/images/image_0378.png 0.5056 0.5911 -0.0032 0.0017 0.999986 -0.0023 0.0044
./src/phm/images/image_0379.png 0.5060 0.5911 -0.0031 0.0019 0.999985 -0.0022 0.0045
./src/phm/images/image_0380.png 0.5059 0.5908 -0.0031 0.0021 0.999985 -0.0023 0.0046
./src/phm/images/image_0381.png 0.5056 0.5911 -0.0034 0.0027 0.999986 -0.0021 0.0040
./src/phm/images/image_0382.png 0.5062 0.5914 -0.0029 0.0025 0.999984 -0.0018 0.0047
./src/phm/images/image_0383.png 0.5060 0.5915 -0.0030 0.0022 0.999986 -0.0017 0.0046
./src/phm/images/image_0384.png 0.5057 0.5909 -0.0032 0.0022 0.999986 -0.0024 0.0041
./src/phm/images/image_0385.png 0.5062 0.5918 -0.0030 0.0017 0.999985 -0.0017 0.0049
./src/phm/images/image_0386.png 0.5062 0.5917 -0.0028 0.0027 0.999985 -0.0014 0.0046
./src/phm/images/image_0387.png 0.5065 0.5910 -0.0029 0.0025 0.999982 -0.0022 0.0050
./src/phm/images/image_0388.png 0.5057 0.5913 -0.0033 0.0023 0.999987 -0.0017 0.0043
./src/phm/images/image_0389.png 0.5058 0.5910 -0.0032 0.0024 0.999985 -0.0023 0.0044
./src/phm/images/image_0390.png 0.5058 0.5908 -0.0032 0.0028 0.999985 -0.0023 0.0042
./src/phm/images/image_0391.png 0.5056 0.5908 -0.0033 0.0021 0.999986 -0.0026 0.0041
./src/phm/images/image_0392.png 0.5060 0.5905 -0.0033 0.0025 0.999983 -0.0028 0.0044
./src/phm/images/image_0393.png 0.5059 0.5908 -0.0032 0.0020 0.999985 -0.0022 0.0045
./src/phm/images/image_0394.png 0.5058 0.5910 -0.0032 0.0023 0.999985 -0.0023 0.0044
./src/phm/images/image_0395.png 0.5058 0.5910 -0.0033 0.0024 0.999984 -0.0024 0.0044
./src/phm/images/image_0396.png 0.5065 0.5916 -0.0031 0.0023 0.999984 -0.0016 0.0050
./src/phm/images/image_0397.png 0.5063 0.5914 -0.0032 0.0026 0.999983 -0.0019 0.0048
./src/phm/images/image_0398.png 0.5062 0.5917 -0.0031 0.0022 0.999985 -0.0016 0.0047
./src/phm/images/image_0399.png 0.5053 0.5911 -0.0034 0.0015 0.999987 -0.0024 0.0041
./src/phm/images/image_0400.png 0.5058 0.5904 -0.0034 0.0020 0.999986 -0.0026 0.0042
./src/phm/images/image_0401.png 0.5056 0.5910 -0.0035 0.0021 0.999987 -0.0021 0.0042
./src/phm/images/image_0402.png 0.5058 0.5916 -0.0030 0.0019 0.999986 -0.0020 0.0045
./src/phm/images/image_0403.png 0.5059 0.5909 -0.0031 0.0018 0.999985 -0.0026 0.0045
./src/phm/images/image_0404.png 0.5057 0.5914 -0.0033 0.0024 0.999986 -0.0019 0.0044
./src/phm/images/image_0405.png 0.5059 0.5911 -0.0033 0.0025 0.999985 -0.0021 0.0044
./src/phm/images/image_0406.png 0.5061 0.5908 -0.0035 0.0024 0.999984 -0.0026 0.0044
./src/phm/images/image_0407.png 0.5060 0.5914 -0.0032 0.0028 0.999984 -0.0022 0.0045
./src/phm/images/image_0408.png 0.5066 0.5918 -0.0027 0.0022 0.999983 -0.0016 0.0052
./src/phm/images/image_0409.png 0.5060 0.5905 -0.0035 0.0028 0.999984 -0.0025 0.0042
./src/phm/images/image_0410.png 0.5055 0.5911 -0.0034 0.0018 0.999986 -0.0022 0.0043
./src/phm/images/image_0411.png 0.5059 0.5911 -0.0033 0.0025 0.999985 -0.0021 0.0044
./src/phm/images/image_0412.png 0.5062 0.5905 -0.0032 0.0029 0.999983 -0.0023 0.0044
./src/phm/images/image_0413.png 0.5064 0.5909 -0.0030 0.0031 0.999983 -0.0020 0.0045
./src/phm/images/image_0414.png 0.5057 0.5905 -0.0036 0.0029 0.999984 -0.0026 0.0040
./src/phm/images/image_0415.png 0.5063 0.5914 -0.0028 0.0017 0.999985 -0.0020 0.0049
./src/phm/images/image_0416.png 0.5060 0.5909 -0.0035 0.0026 0.999986 -0.0019 0.0042
./src/phm/images/image_0417.png 0.5060 0.5908 -0.0033 0.0023 0.999984 -0.0025 0.0045
./src/phm/images/image_0418.png 0.5067 0.5916 -0.0030 0.0025 0.999983 -0.0017 0.0051
./src/phm/images/image_0419.png 0.5063 0.5914 -0.0033 0.0021 0.999985 -0.0019 0.0046
./src/phm/images/image_0420.png 0.5056 0.5902 -0.0037 0.0026 0.999986 -0.0028 0.0038
./src/phm/images/image_0421.png 0.5058 0.5905 -0.0033 0.0027 0.999984 -0.0026 0.0043
./src/phm/images/image_0422.png 0.5059 0.5908 -0.0033 0.0025 0.999984 -0.0023 0.0045
./src/phm/images/image_0423.png 0.5059 0.5908 -0.0034 0.0029 0.999985 -0.0021 0.0042
./src/phm/images/image_0424.png 0.5057 0.5910 -0.0031 0.0025 0.999984 -0.0023 0.0045
./src/phm/images/image_0425.png 0.5058 0.5911 -0.0032 0.0021 0.999985 -0.0022 0.0045
./src/phm/images/image_0426.png 0.5057 0.5912 -0.0031 0.0019 0.999986 -0.0022 0.0043
./src/phm/images/image_0427.png 0.5057 0.5911 -0.0032 0.0019 0.999986 -0.0023 0.0044
./src/phm/images/image_0428.png 0.5063 0.5910 -0.0030 0.0025 0.999983 -0.0021 0.0047
./src/phm/images/image_0429.png 0.5057 0.5915 -0.0032 0.0022 0.999986 -0.0019 0.0044
./src/phm/images/image_0430.png 0.5060 0.5917 -0.0030 0.0020 0.999985 -0.0018 0.0047
./src/phm/images/image_0431.png 0.5057 0.5913 -0.0031 0.0021 0.999986 -0.0020 0.0044
./src/phm/images/image_0432.png 0.5057 0.5906 -0.0033 0.0021 0.999985 -0.0027 0.0043
./src/phm/images/image_0433.png 0.5058 0.5904 -0.0034 0.0023 0.999985 -0.0028 0.0041
./src/phm/images/image_0434.png 0.5060 0.5914 -0.0032 0.0029 0.999985 -0.0016 0.0044
./src/phm/images/image_0435.png 0.5056 0.5914 -0.0033 0.0016 0.999986 -0.0020 0.0045
./src/phm/images/image_0436.png 0.5058 0.5913 -0.0031 0.0018 0.999987 -0.0021 0.0044
./src/phm/images/image_0437.png 0.5064 0.5905 -0.0034 0.0032 0.999983 -0.0022 0.0044
./src/phm/images/image_0438.png 0.5060 0.5905 -0.0032 0.0028 0.999983 -0.0026 0.0044
./src/phm/images/image_0439.png 0.5061 0.5910 -0.0034 0.0025 0.999986 -0.0020 0.0042
./src/phm/images/image_0440.png 0.5065 0.5912 -0.0029 0.0027 0.999983 -0.0018 0.0049
./src/phm/images/image_0441.png 0.5058 0.5916 -0.0030 0.0018 0.999987 -0.0018 0.0044
./src/phm/images/image_0442.png 0.5055 0.5907 -0.0034 0.0022 0.999985 -0.0029 0.0041
./src/phm/images/image_0443.png 0.5056 0.5912 -0.0032 0.0019 0.999987 -0.0020 0.0044
./src/phm/images/image_0444.png 0.5060 0.5909 -0.0033 0.0025 0.999985 -0.0023 0.0044
./src/phm/images/image_0445.png 0.5060 0.5911 -0.0031 0.0024 0.999985 -0.0021 0.0045
./src/phm/images/image_0446.png 0.5056 0.5908 -0.0035 0.0028 0.999986 -0.0023 0.0038
./src/phm/images/image_0447.png 0.5057 0.5910 -0.0032 0.0028 0.999985 -0.0023 0.0042
./src/phm/images/image_0448.png 0.5058 0.5910 -0.0030 0.0026 0.999985 -0.0022 0.0043
./src/phm/images/image_0449.png 0.5062 0.5910 -0.0031 0.0021 0.999985 -0.0021 0.0046
./src/phm/images/image_0450.png 0.5063 0.5916 -0.0028 0.0019 0.999984 -0.0017 0.0050
./src/phm/images/image_0451.png 0.5064 0.5917 -0.0028 0.0026 0.999983 -0.0016 0.0049
./src/phm/images/image_0452.png 0.5063 0.5912 -0.0030 0.0024 0.999983 -0.0022 0.0048
./src/phm/images/image_0453.png 0.5060 0.5910 -0.0030 0.0028 0.999984 -0.0020 0.0045
./src/phm/images/image_0454.png 0.5057 0.5912 -0.0032 0.0022 0.999986 -0.0022 0.0043
./src/phm/images/image_0455.png 0.5060 0.5911 -0.0030 0.0019 0.999985 -0.0021 0.0047
./src/phm/images/image_0456.png 0.5060 0.5906 -0.0034 0.0027 0.999983 -0.0025 0.0044
./src/phm/images/image_0457.png 0.5056 0.5909 -0.0035 0.0025 0.999986 -0.0025 0.0040
./src/phm/images/image_0458.png 0.5056 0.5914 -0.0033 0.0021 0.999986 -0.0023 0.0043
./src/phm/images/image_0459.png 0.5059 0.5912 -0.0031 0.0019 0.999985 -0.0022 0.0045
./src/phm/images/image_0460.png 0.5064 0.5911 -0.0031 0.0026 0.999983 -0.0021 0.0048
./src/phm/images/image_0461.png 0.5060 0.5912 -0.0032 0.0027 0.999984 -0.0022 0.0044
./src/phm/images/image_0462.png 0.5060 0.5908 -0.0033 0.0028 0.999984 -0.0021 0.0044
./src/phm/images/image_0463.png 0.5054 0.5910 -0.0032 0.0023 0.999986 -0.0025 0.0041
./src/phm/images/image_0464.png 0.5054 0.5911 -0.0034 0.0019 0.999987 -0.0022 0.0041
./src/phm/images/image_0465.png 0.5057 0.5908 -0.0034 0.0027 0.999985 -0.0023 0.0042
./src/phm/images/image_0466.png 0.5064 0.5908 -0.0030 0.0020 0.999984 -0.0023 0.0048
./src/phm/images/image_0467.png 0.5061 0.5911 -0.0032 0.0027 0.999985 -0.0019 0.0044
./src/phm/images/image_0468.png 0.5056 0.5910 -0.0035 0.0021 0.999987 -0.0022 0.0041
./src/phm/images/image_0469.png 0.5055 0.5907 -0.0036 0.0029 0.999986 -0.0024 0.0037
./src/phm/images/image_0470.png 0.5056 0.5910 -0.0034 0.0023 0.999987 -0.0023 0.0039
./src/phm/images/image_0471.png 0.5062 0.5913 -0.0032 0.0022 0.999984 -0.0019 0.0048
./src/phm/images/image_0472.png 0.5059 0.5916 -0.0031 0.0023 0.999986 -0.0020 0.0044
./src/phm/images/image_0473.png 0.5061 0.5914 -0.0032 0.0029 0.999984 -0.0018 0.0045
./src/phm/images/image_0474.png 0.5057 0.5905 -0.0033 0.0018 0.999985 -0.0028 0.0043
./src/phm/images/image_0475.png 0.5054 0.5907 -0.0034 0.0022 0.999987 -0.0026 0.0039
./src/phm/images/image_0476.png 0.5057 0.5912 -0.0032 0.0022 0.999986 -0.0022 0.0043
./src/phm/images/image_0477.png 0.5063 0.5906 -0.0033 0.0033 0.999982 -0.0023 0.0044
./src/phm/images/image_0478.png 0.5058 0.5910 -0.0032 0.0022 0.999985 -0.0023 0.0045
./src/phm/images/image_0479.png 0.5063 0.5907 -0.0029 0.0027 0.999983 -0.0023 0.0046
./src/phm/images/image_0480.png 0.5056 0.5910 -0.0032 0.0024 0.999986 -0.0022 0.0042
./src/phm/images/image_0481.png 0.5061 0.5907 -0.0032 0.0024 0.999984 -0.0023 0.0045
./src/phm/images/image_0482.png 0.5060 0.5916 -0.0030 0.0020 0.999984 -0.0020 0.0049
./src/phm/images/image_0483.png 0.5066 0.5913 -0.0031 0.0026 0.999983 -0.0018 0.0048
./src/phm/images/image_0484.png 0.5065 0.5912 -0.0031 0.0024 0.999984 -0.0019 0.0047
./src/phm/images/image_0485.png 0.5056 0.5912 -0.0033 0.0022 0.999986 -0.0020 0.0043
./src/phm/images/image_0486.png 0.5055 0.5906 -0.0034 0.0028 0.999985 -0.0026 0.0039
./src/phm/images/image_0487.png 0.5054 0.5908 -0.0033 0.0026 0.999985 -0.0026 0.0040
./src/phm/images/image_0488.png 0.5054 0.5911 -0.0033 0.0026 0.999986 -0.0024 0.0039
./src/phm/images/image_0489.png 0.5059 0.5915 -0.0031 0.0023 0.999986 -0.0017 0.0045
./src/phm/images/image_0490.png 0.5056 0.5910 -0.0031 0.0030 0.999985 -0.0022 0.0040
./src/phm/images/image_0491.png 0.5056 0.5906 -0.0035 0.0027 0.999986 -0.0023 0.0038
./src/phm/images/image_0492.png 0.5059 0.5909 -0.0035 0.0027 0.999985 -0.0022 0.0043
./src/phm/images/image_0493.png 0.5061 0.5916 -0.0032 0.0028 0.999985 -0.0018 0.0044
./src/phm/images/image_0494.png 0.5062 0.5910 -0.0032 0.0024 0.999985 -0.0021 0.0045
./src/phm/images/image_0495.png 0.5057 0.5904 -0.0035 0.0028 0.999985 -0.0023 0.0039
./src/phm/images/image_0496.png 0.5054 0.5906 -0.0033 0.0026 0.999985 -0.0026 0.0040
./src/phm/images/image_0497.png 0.5059 0.5905 -0.0032 0.0029 0.999984 -0.0026 0.0042
./src/phm/images/image_0498.png 0.5055 0.5909 -0.0034 0.0022 0.999987 -0.0023 0.0041
./src/phm/images/image_0499.png 0.5055 0.5910 -0.0035 0.0022 0.999987 -0.0023 0.0040
./src/phm/images/image_0500.png 0.5055 0.5913 -0.0033 0.0016 0.999987 -0.0022 0.0044
./src/phm/images/image_0501.png 0.5057 0.5913 -0.0031 0.0025 0.999985 -0.0020 0.0043
./src/phm/images/image_0502.png 0.5059 0.5905 -0.0034 0.0029 0.999985 -0.0022 0.0041
./src/phm/images/image_0503.png 0.5056 0.5912 -0.0034 0.0023 0.999986 -0.0022 0.0042
./src/phm/images/image_0504.png 0.5061 0.5919 -0.0029 0.0026 0.999985 -0.0015 0.0046
./src/phm/images/image_0505.png 0.5062 0.5919 -0.0030 0.0021 0.999986 -0.0016 0.0047
./src/phm/images/image_0506.png 0.5060 0.5913 -0.0029 0.0025 0.999984 -0.0021 0.0046
./src/phm/images/image_0507.png 0.5061 0.5910 -0.0031 0.0022 0.999985 -0.0022 0.0046
./src/phm/images/image_0508.png 0.5059 0.5911 -0.0032 0.0022 0.999985 -0.0021 0.0046
./src/phm/images/image_0509.png 0.5060 0.5904 -0.0033 0.0031 0.999983 -0.0024 0.0043
./src/phm/images/image_0510.png 0.5059 0.5910 -0.0030 0.0024 0.999985 -0.0022 0.0045
./src/phm/images/image_0511.png 0.5057 0.5910 -0.0032 0.0022 0.999986 -0.0023 0.0043
./src/phm/images/image_0512.png 0.5056 0.5912 -0.0031 0.0023 0.999987 -0.0020 0.0041
./src/phm/images/image_0513.png 0.5065 0.5911 -0.0028 0.0022 0.999983 -0.0020 0.0049
./src/phm/images/image_0514.png 0.5060 0.5918 -0.0028 0.0024 0.999985 -0.0015 0.0046
./src/phm/images/image_0515.png 0.5057 0.5918 -0.0030 0.0020 0.999987 -0.0018 0.0044
./src/phm/images/image_0516.png 0.5060 0.5914 -0.0030 0.0022 0.999985 -0.0020 0.0046
./src/phm/images/image_0517.png 0.5058 0.5912 -0.0031 0.0021 0.999985 -0.0024 0.0045
./src/phm/images/image_0518.png 0.5060 0.5910 -0.0033 0.0027 0.999985 -0.0021 0.0044
./src/phm/images/image_0519.png 0.5055 0.5910 -0.0032 0.0027 0.999986 -0.0021 0.0041
./src/phm/images/image_0520.png 0.5056 0.5909 -0.0035 0.0022 0.999986 -0.0023 0.0041
./src/phm/images/image_0521.png 0.5063 0.5908 -0.0031 0.0023 0.999984 -0.0022 0.0048
./src/phm/images/image_0522.png 0.5056 0.5909 -0.0033 0.0022 0.999986 -0.0024 0.0041
./src/phm/images/image_0523.png 0.5056 0.5911 -0.0033 0.0023 0.999986 -0.0024 0.0042
./src/phm/images/image_0524.png 0.5065 0.5911 -0.0029 0.0023 0.999983 -0.0020 0.0050
./src/phm/images/image_0525.png 0.5061 0.5914 -0.0032 0.0022 0.999986 -0.0017 0.0046
./src/phm/images/image_0526.png 0.5059 0.5913 -0.0032 0.0029 0.999986 -0.0019 0.0041
./src/phm/images/image_0527.png 0.5055 0.5913 -0.0034 0.0029 0.999986 -0.0019 0.0040
./src/phm/images/image_0528.png 0.5053 0.5912 -0.0033 0.0020 0.999987 -0.0023 0.0041
./src/phm/images/image_0529.png 0.5055 0.5907 -0.0035 0.0025 0.999986 -0.0024 0.0040
./src/phm/images/image_0530.png 0.5055 0.5911 -0.0034 0.0022 0.999986 -0.0024 0.0041
./src/phm/images/image_0531.png 0.5057 0.5911 -0.0032 0.0025 0.999985 -0.0022 0.0044
./src/phm/images/image_0532.png 0.5056 0.5911 -0.0033 0.0023 0.999986 -0.0024 0.0042
./src/phm/images/image_0533.png 0.5059 0.5907 -0.0032 0.0026 0.999984 -0.0026 0.0044
./src/phm/images/image_0534.png 0.5055 0.5913 -0.0033 0.0026 0.999986 -0.0021 0.0040
./src/phm/images/image_0535.png 0.5054 0.5910 -0.0034 0.0024 0.999986 -0.0025 0.0040
./src/phm/images/image_0536.png 0.5061 0.5908 -0.0033 0.0026 0.999984 -0.0022 0.0044
./src/phm/images/image_0537.png 0.5066 0.5910 -0.0031 0.0029 0.999982 -0.0021 0.0048
./src/phm/images/image_0538.png 0.5059 0.5915 -0.0030 0.0029 0.999984 -0.0019 0.0044
./src/phm/images/image_0539.png 0.5055 0.5908 -0.0036 0.0027 0.999986 -0.0022 0.0039
./src/phm/images/image_0540.png 0.5051 0.5910 -0.0036 0.0024 0.999988 -0.0024 0.0037
./src/phm/images/image_0541.png 0.5060 0.5910 -0.0030 0.0019 0.999985 -0.0023 0.0047
./src/phm/images/image_0542.png 0.5055 0.5911 -0.0035 0.0019 0.999987 -0.0024 0.0042
./src/phm/images/image_0543.png 0.5058 0.5909 -0.0031 0.0023 0.999985 -0.0024 0.0043
./src/phm/images/image_0544.png 0.5061 0.5915 -0.0030 0.0022 0.999984 -0.0020 0.0048
./src/phm/images/image_0545.png 0.5061 0.5913 -0.0029 0.0018 0.999985 -0.0021 0.0048
./src/phm/images/image_0546.png 0.5059 0.5905 -0.0033 0.0022 0.999985 -0.0026 0.0044
./src/phm/images/image_0547.png 0.5056 0.5911 -0.0036 0.0030 0.999987 -0.0018 0.0038
./src/phm/images/image_0548.png 0.5062 0.5920 -0.0029 0.0023 0.999984 -0.0017 0.0049
./src/phm/images/image_0549.png 0.5060 0.5916 -0.0028 0.0020 0.999985 -0.0019 0.0047
./src/phm/images/image_0550.png 0.5056 0.5909 -0.0032 0.0022 0.999986 -0.0024 0.0042
./src/phm/images/image_0551.png 0.5059 0.5907 -0.0033 0.0024 0.999986 -0.0022 0.0042
./src/phm/images/image_0552.png 0.5057 0.5913 -0.0030 0.0026 0.999985 -0.0021 0.0044
./src/phm/images/image_0553.png 0.5060 0.5909 -0.0032 0.0024 0.999984 -0.0021 0.0046
./src/phm/images/image_0554.png 0.5055 0.5912 -0.0033 0.0026 0.999986 -0.0023 0.0040
./src/phm/images/image_0555.png 0.5061 0.5911 -0.0030 0.0023 0.999985 -0.0023 0.0045
./src/phm/images/image_0556.png 0.5056 0.5909 -0.0035 0.0021 0.999987 -0.0023 0.0041
./src/phm/images/image_0557.png 0.5058 0.5915 -0.0029 0.0020 0.999986 -0.0020 0.0046
./src/phm/images/image_0558.png 0.5066 0.5919 -0.0026 0.0025 0.999983 -0.0013 0.0050
./src/phm/images/image_0559.png 0.5065 0.5918 -0.0028 0.0026 0.999983 -0.0014 0.0051
./src/phm/images/image_0560.png 0.5050 0.5907 -0.0037 0.0027 0.999987 -0.0026 0.0036
./src/phm/images/image_0561.png 0.5057 0.5906 -0.0033 0.0023 0.999985 -0.0028 0.0042
./src/phm/images/image_0562.png 0.5050 0.5913 -0.0033 0.0024 0.999988 -0.0021 0.0036
./src/phm/images/image_0563.png 0.5059 0.5914 -0.0030 0.0021 0.999985 -0.0019 0.0047
./src/phm/images/image_0564.png 0.5056 0.5911 -0.0033 0.0018 0.999986 -0.0024 0.0043
./src/phm/images/image_0565.png 0.5058 0.5909 -0.0033 0.0019 0.999985 -0.0025 0.0044
./src/phm/images/image_0566.png 0.5059 0.5911 -0.0033 0.0025 0.999985 -0.0021 0.0044
./src/phm/images/image_0567.png 0.5059 0.5910 -0.0031 0.0027 0.999984 -0.0024 0.0045
./src/phm/images/image_0568.png 0.5062 0.5915 -0.0031 0.0028 0.999985 -0.0017 0.0045
./src/phm/images/image_0569.png 0.5063 0.5917 -0.0029 0.0028 0.999983 -0.0018 0.0047
./src/phm/images/image_0570.png 0.5056 0.5909 -0.0032 0.0022 0.999986 -0.0024 0.0042
./src/phm/images/image_0571.png 0.5055 0.5909 -0.0034 0.0025 0.999986 -0.0024 0.0040
./src/phm/images/image_0572.png 0.5061 0.5911 -0.0031 0.0021 0.999984 -0.0022 0.0048
./src/phm/images/image_0573.png 0.5057 0.5914 -0.0031 0.0024 0.999986 -0.0018 0.0043
./src/phm/images/image_0574.png 0.5059 0.5912 -0.0031 0.0017 0.999986 -0.0022 0.0045
./src/phm/images/image_0575.png 0.5061 0.5912 -0.0032 0.0022 0.999984 -0.0021 0.0047
./src/phm/images/image_0576.png 0.5062 0.5908 -0.0030 0.0027 0.999984 -0.0019 0.0045
./src/phm/images/image_0577.png 0.5054 0.5906 -0.0036 0.0027 0.999986 -0.0025 0.0037
./src/phm/images/image_0578.png 0.5060 0.5911 -0.0031 0.0021 0.999985 -0.0022 0.0045
./src/phm/images/image_0579.png 0.5063 0.5914 -0.0032 0.0026 0.999983 -0.0019 0.0048
./src/phm/images/image_0580.png 0.5063 0.5918 -0.0028 0.0022 0.999985 -0.0016 0.0047
./src/phm/images/image_0581.png 0.5056 0.5910 -0.0030 0.0025 0.999985 -0.0024 0.0043
./src/phm/images/image_0582.png 0.5059 0.5913 -0.0029 0.0020 0.999985 -0.0019 0.0046
./src/phm/images/image_0583.png 0.5057 0.5912 -0.0031 0.0020 0.999987 -0.0021 0.0043
./src/phm/images/image_0584.png 0.5060 0.5913 -0.0029 0.0024 0.999985 -0.0019 0.0046
./src/phm/images/image_0585.png 0.5066 0.5906 -0.0030 0.0032 0.999982 -0.0020 0.0047
./src/phm/images/image_0586.png 0.5062 0.5912 -0.0029 0.0025 0.999983 -0.0022 0.0047
./src/phm/images/image_0587.png 0.5055 0.5910 -0.0035 0.0022 0.999987 -0.0023 0.0040
./src/phm/images/image_0588.png 0.5062 0.5912 -0.0030 0.0022 0.999983 -0.0021 0.0049
./src/phm/images/image_0589.png 0.5062 0.5913 -0.0032 0.0025 0.999985 -0.0020 0.0045
./src/phm/images/image_0590.png 0.5061 0.5916 -0.0030 0.0029 0.999985 -0.0017 0.0043
./src/phm/images/image_0591.png 0.5055 0.5911 -0.0032 0.0022 0.999986 -0.0024 0.0041
./src/phm/images/image_0592.png 0.5059 0.5908 -0.0032 0.0024 0.999985 -0.0024 0.0044
./src/phm/images/image_0002.png 0.4054 -0.1163 -0.0495 -0.0033 0.998934 0.0102 -0.0449
./src/phm/images/image_0003.png 0.4056 -0.1163 -0.0494 -0.0043 0.998928 0.0100 -0.0450
./src/phm/images/image_0004.png 0.4051 -0.1164 -0.0498 -0.0033 0.998920 0.0103 -0.0452
./src/phm/images/image_0005.png 0.4049 -0.1164 -0.0496 -0.0038 0.998910 0.0102 -0.0454
./src/phm/images/image_0006.png 0.4050 -0.1165 -0.0497 -0.0041 0.998907 0.0102 -0.0454
./src/phm/images/image_0007.png 0.4053 -0.1167 -0.0494 -0.0030 0.998938 0.0100 -0.0449
./src/phm/images/image_0008.png 0.4053 -0.1165 -0.0495 -0.0035 0.998937 0.0100 -0.0449
./src/phm/images/image_0009.png 0.4051 -0.1164 -0.0493 -0.0036 0.998926 0.0105 -0.0450
./src/phm/images/image_0010.png 0.4052 -0.1167 -0.0495 -0.0035 0.998935 0.0100 -0.0449
./src/phm/images/image_0011.png 0.4053 -0.1163 -0.0498 -0.0040 0.998916 0.0101 -0.0453
./src/phm/images/image_0012.png 0.4050 -0.1164 -0.0494 -0.0037 0.998921 0.0104 -0.0451
./src/phm/images/image_0013.png 0.4051 -0.1165 -0.0495 -0.0042 0.998917 0.0102 -0.0452
./src/phm/images/image_0014.png 0.4047 -0.1164 -0.0497 -0.0036 0.998913 0.0104 -0.0453
./src/phm/images/image_0003.png 0.4052 -0.1163 -0.0496 -0.0030 0.998928 0.0104 -0.0450
./src/phm/images/image_0004.png 0.4054 -0.1161 -0.0495 -0.0037 0.998926 0.0106 -0.0450
./src/phm/images/image_0005.png 0.4054 -0.1164 -0.0493 -0.0039 0.998933 0.0103 -0.0449
./src/phm/images/image_0006.png 0.4052 -0.1166 -0.0494 -0.0036 0.998928 0.0103 -0.0450
./src/phm/images/image_0007.png 0.4050 -0.1164 -0.0496 -0.0038 0.998914 0.0102 -0.0453
./src/phm/images/image_0008.png 0.4056 -0.1163 -0.0495 -0.0042 0.998930 0.0102 -0.0449
./src/phm/images/image_0003.png 0.4050 -0.1167 -0.0496 -0.0030 0.998928 0.0099 -0.0451
./src/phm/images/image_0004.png 0.4050 -0.1170 -0.0492 -0.0029 0.998937 0.0098 -0.0449
./src/phm/images/image_0005.png 0.4054 -0.1162 -0.0493 -0.0040 0.998920 0.0104 -0.0451
./src/phm/images/image_0003.png 0.4051 -0.1166 -0.0397 -0.0041 0.998919 0.0100 -0.0452
./src/phm/images/image_0004.png 0.4054 -0.1163 -0.0396 -0.0041 0.998921 0.0103 -0.0451
./src/phm/images/image_0005.png 0.4050 -0.1166 -0.0393 -0.0029 0.998927 0.0103 -0.0451
./src/phm/images/image_0006.png 0.4052 -0.1165 -0.0397 -0.0034 0.998923 0.0102 -0.0451
./src/phm/images/image_0003.png 0.4050 -0.1163 -0.0396 -0.0037 0.998916 0.0104 -0.0452
./src/phm/images/image_0004.png 0.4053 -0.1162 -0.0396 -0.0040 0.998917 0.0100 -0.0453
./src/phm/images/image_0005.png 0.4045 -0.1163 -0.0397 -0.0034 0.998895 0.0105 -0.0457
./src/phm/images/image_0006.png 0.4049 -0.1162 -0.0398 -0.0035 0.998908 0.0105 -0.0454
